141.72776444867043
141.6688041632816
141.86998138803074
140.5465074970234
141.18785446181403
140.5557034759347
140.4735563938126
141.29254306091354
141.10711722438043
140.7713827758945
139.56309508407094
142.24010221804303
142.3682161086865
142.33018221813495
142.90255250309565
143.1797233328656
142.7792358372642
142.11600389116666
142.07817555056124
142.34489805410203
142.84335444864894
141.33041805385017
145.33764416324755
144.12233972789625
143.77645138762148
141.19908416310375
142.33399610893332
142.78789472126448
142.8911627764411
143.32693861242706
144.02980250298322
143.8693461092356
143.5241566671965
144.59492194639074
145.32622805408153
145.36871277577404
145.39090942882717
146.44042167312182
141.084124954603
140.88006150503452
141.68327500593682
141.4701441886035
142.07248094713805
141.99731836604985
141.61285620025353
141.74642275060955
141.67733834009243
140.96757321673067
141.60649041480087
140.3564337743992
140.51561352834176
140.9954322828736
140.87975345036148
140.15080852079666
140.64649542162647
140.62003963602046
140.29882128407507
140.86198786045145
141.04589596602602
140.2852697284153
140.80574849459742
140.85197438431044
140.2674014143439
140.29225961099235
139.4067092737141
139.66994994853133
139.72706050563784
139.9003386911777
139.17864810512606
140.88163471966664
140.47249180425342
140.41506756181855
139.91890836492917
139.59547325698531
139.33123007820564
139.1939811152364
139.45000966341524
139.30240444860647
139.63205416326912
140.3423546692327
153.98684416302774
139.83584147870135
139.45849985708276
138.56890369564906
139.29837263319052
139.89990466936501
138.57460128392222
137.76338674410306
137.18013021973388
137.36526167308784
136.8518233331804
136.83236286565375
136.17751691327499
138.8701527499495
139.13441367055452
138.6961461090558
138.7392543316222
138.23690027262955
137.65305683540464
137.63503311308773
137.16732666709208
139.17655861219032
139.01901099915835
138.63853728886488
138.23426603065286
137.83811566760403
137.5811254473815
136.77270749695344
136.66129167307236
136.99008369620572
136.44435182937355
136.45503834014733
135.53476900078886
136.0554763944201
135.7466030613822
135.68697805379418
135.05183472129545
135.46859444927452
134.9075336057913
135.02570988260504
136.22986360592074
135.73020416309168
136.01347221826836
134.51540805423838
134.04229805421187
133.6081646950447
133.35151527920686
132.7224149942566
133.39066306105144
134.41316111539322
134.3819321141758
133.33135000040227
133.47068194611495
133.0114502722123
134.65218022004115
134.82231897484087
134.44748639428178
134.04988499399735
133.69279749700695
133.16120972844624
132.92633778176332
134.31478780841064
134.06842917017013
133.26619000016842
131.72761472074285
131.3801722179735
132.49218805403552
132.0307674968226
130.63981555084706
131.19062499444794
130.94988749671063
130.9002808296966
130.17052999965983
130.5421272241921
130.04263306056737
130.2044784437253
130.39034499392642
129.50032766469008
129.91866946832135
129.19744472119703
131.32950583662512
131.23533194631239
131.1119161086416
130.64222722410716
131.74534050575983
132.027895837423
132.17742586311317
131.45797472115657
131.88570722400925
131.53266583715867
131.5075431912653
131.26960082961466
130.91408472073329
131.20544749720432
130.06859644576946
130.04932250303114
131.0838311148142
130.67176583712376
130.03518194628987
129.03818000020692
128.33572655034004
128.00410263313006
128.23643832706716
131.33212488995173
125.48540868975931
124.56102933893294
123.04547306073323
124.10203221811241
146.919783942575
146.58955583703232
148.89440319085463
129.73541610876646
129.74064155566327
127.84622944213515
145.33764416234828
137.48496389077104
132.65553289123
133.59849518710325
137.35175552509747
140.3423546692327
129.91866946832135
140.85197438431044
133.39066306105144
130.06859644576946
134.38206844420336
128.33572654944078
142.07248094803742
125.48540869065857
131.88570722400925
141.6773383409917
130.1998541621399
133.47068194611495
134.44748639428178
130.0411811410969
138.57460128392222
136.99008369620572
139.87936447489062
132.49218805403552
131.69062165966193
130.82318130946987
131.16030082991938
131.08383111571345
140.06301880707235
153.98684416392712
139.55033396773854
141.68327500503756
140.9125284032633
139.17655861219032
136.7242840598616
137.36526167218847
140.88163471966664
139.88773649674204
139.74725658892055
135.46640822256154
131.3321248908511
131.90305564270386
132.17742586311317
134.95857894885944
130.2100824377544
134.37103613510965
133.35151527920686
140.12701642007175
134.82231897574025
137.6349847466488
136.24386028462447
131.18557163372395
130.91506677051507
141.0458959669254
135.40729749678212
134.86750473385644
141.96753044117702
143.8693461092356
140.53125141312228
141.93666092056515
141.27905994905746
136.011889960953
140.91418600488032
139.77081920873957
131.96288810590147
130.66230389091186
148.89440319085463
135.48686102541603
134.31478780841064
130.66143444884085
