141.24749581098297
140.99050277588242
141.17230306123736
139.92056888484626
140.39337416308717
139.33396016902668
139.76568610872698
140.3352661094434
140.56227500558714
139.82316527905448
139.4019461089258
141.52302972803955
141.49062527873366
141.56431693857587
141.97633917021665
142.14825167317622
142.24312805361683
141.29025841779185
141.32800778173385
141.56842805441124
142.126308611853
140.96008416275401
143.774449170293
143.1356586120554
142.5838580544057
140.5330138909784
140.90824671931068
141.96686431873343
142.22224492876057
142.64895916973
142.67177082956016
142.686845836766
142.75146333266673
144.21678167283596
143.7028308299789
144.57063138832802
144.63812277574561
145.1956022175683
140.24717710763753
139.49741871560127
140.85144924768474
140.7640276138833
141.33690616059096
141.373323917265
140.77479608257318
140.6531248118606
140.5373489110235
140.27488922186012
140.46949817070413
139.69170455332255
139.86958985688648
140.23404250195995
140.22052741920504
139.52001786023618
140.02867247685344
139.87481472102263
139.6248057462882
139.94790014337696
140.56588678274886
139.16475328183856
140.16232641972852
139.6876971733859
139.3265660573777
139.36097771704806
138.39702616102852
138.57727486404383
138.97616622579073
139.1002819203744
138.71136046711194
140.17057930029455
139.77595503189923
139.7393836710197
139.56278583689686
139.16160367077282
138.942867587769
138.81529194586665
139.34859664072246
139.19392338505622
139.29824574604436
139.67500917013717
136.06952016882076
139.2329299481587
138.9157679118597
137.6349847466488
138.4180978080675
138.7842459656788
138.2023487548912
137.02817727476145
136.7683556164186
136.66852444904418
136.2420048636336
135.95710542207757
135.44933927358863
138.18008858631924
138.58184474743723
137.58609992137428
137.55018002578765
137.32455175086272
136.7539691958218
136.9471759397179
136.27621705637216
138.73798630372505
138.51209319104794
137.99841250273482
137.47410693868437
137.01425749708585
136.67103325627977
136.26697444941135
136.01994861223875
135.85318416321866
135.7637324771722
135.8147574973607
134.85372666685225
135.27837610937002
135.33020389139654
135.09129805366229
134.36994443638673
134.74266749700746
134.2527377816234
134.6535784949516
135.53968167337064
134.9985449941562
135.3257108298909
133.9460338912511
133.55893972818592
133.13587917008772
132.57488639359224
131.667911115106
131.8612600256297
133.26679333284608
133.32886360607063
132.1163480538197
132.8474022182378
132.03644805373472
133.6607480541794
134.03282832706566
133.92009827531524
133.4465411152803
132.80848302157426
132.49089666714758
132.0123430608836
133.7699988852404
133.0132755506262
132.47961666677577
130.92740836570363
130.77477778156947
131.87843360622605
131.29201722391576
129.9813838000224
130.54144111521532
130.53972805420642
130.33937722368
129.73681138803522
129.89739333343562
129.33142389129955
129.22174944178334
130.12483555082008
129.16291299573822
129.62354697801072
128.1044904673612
130.94272360610955
130.41413644624004
130.57940082968457
129.9387627761812
130.92628583732164
131.25639832692127
131.34693389118615
130.8247499996129
131.1748855510274
131.0069588847448
131.15034416305275
130.70337693869487
129.41499168641724
130.65320778171383
128.9724030605529
129.65736194559736
129.90421527931176
130.14297888476779
129.13066888476123
128.39536693903312
127.20812666741188
127.09897944184786
126.70773055841858
131.18062722406717
124.67032166021647
123.45779916969593
122.93365306084013
123.55434111525028
146.58499844432276
145.39858294364797
146.85812344993735
129.73159277598586
129.7392757201984
127.84063111473426
141.93666092056515
137.01658995536218
132.01234306178299
132.01266749760703
136.5210264460137
138.81529194586665
129.1629129966376
140.55832761312888
131.86126002652907
128.39536693903312
133.44690847034974
126.70773055751931
141.62209661466704
122.93365306084013
131.15975360594427
140.91488044157916
129.93876277528193
132.22059433216282
133.4465411152803
129.73681138803522
138.2023487548912
136.011889960953
139.5200178593368
130.9116350583114
130.77477778156947
129.41499168641724
130.66132301744335
129.90421527841238
139.69170455422181
136.06952016882076
137.6349847466488
140.9125284032633
139.49741871650065
137.48496389077104
136.2420048636336
136.66852444904418
139.8869153833383
139.7508521396146
139.11159666695266
135.09129805366229
131.18062722406717
131.18557163372395
131.79836736736013
134.65357849585098
128.1044904673612
133.24454924774966
131.69016832670695
139.62198359276863
134.30464591357816
136.98452769090022
135.46818736665375
130.91506677051507
129.9813838000224
140.78943992241454
134.32172944235992
134.36994443548735
140.19743169591607
141.96686431873343
139.33396016902668
140.46204555096142
140.5940151355901
134.9985449941562
140.90914766553237
139.73938367191897
131.91998639375709
130.65763444897073
143.8693461092356
134.86750473385644
132.47961666677577
130.12605863779595
