43.133620838431
42.78070555901439
42.68118833327503
42.02304027898572
41.709376323958224
41.351645558995415
41.5757958377078
42.954616946415
42.65768694559614
42.54498694559112
42.010627170607506
43.630822774951184
43.20659000002854
42.8369749999963
43.9053575047451
43.41762027895277
42.88383166699788
44.09069305384139
43.68444110807076
44.87793089179729
44.57810194614797
45.09697166690893
43.46095944112534
43.508153333209805
43.696719721038335
42.379677098719185
42.29924194625886
42.421158332591006
42.20893610841472
41.91526499977999
43.01092166690148
42.509264170605036
42.160040000245885
43.388103612991415
42.842252505049146
43.46133027926902
43.21495472118352
43.15838610813245
40.605921693831135
40.397059333221705
40.21770705373757
41.1064393327091
39.398874332584455
38.93324971999863
39.48312344059434
38.74765138810113
38.438297918714056
37.77324791935604
38.173994179587794
39.804487586133234
39.01358922506273
39.79563758630559
38.87301335957892
38.31677425193021
38.49329661314823
38.053355279322716
37.73382680206532
36.79131535971612
36.856167531906124
36.910795505108524
36.13014853222904
35.73913553197929
36.600972279347275
36.19968133302717
36.40093350457761
35.98533300001799
35.956444170562065
35.75338410809019
35.83977650468199
35.313323386565116
35.23120513490909
34.89797427938953
35.52096630605024
35.50125222521007
35.66602155884789
33.942497775152276
34.67752555895743
34.315070387288586
33.65072086537566
29.793840532414663
20.422746413816014
35.128492440773584
35.136979386989196
36.76615513475173
36.736528774883084
37.44701010842982
37.80238150470274
36.36974535956074
36.2743640268784
36.75567813543768
36.067228198222836
35.65863086462275
35.34367777460966
35.16838444038967
35.35767833298871
36.336865250730796
35.7808832250808
35.19836572130106
35.61996819777414
35.222863720584314
35.133729080632634
34.57213582860567
34.93896582881001
34.618715278687205
34.59498516193571
34.573540279160625
34.656512640346136
34.7987702794249
34.3132958288395
33.72285805425582
35.131103892130966
34.79057082938033
35.16061444090377
34.70575361333863
34.54698999998857
34.271820829068076
35.12546722483262
34.623165134963074
34.592930279408904
34.15515533325208
33.858956386827856
33.73842138703742
33.43259863082221
35.16915138672715
35.24883250531593
35.057678332688965
34.94799369385396
34.30243861325147
35.99110064907575
34.85592500043845
34.29832805409649
34.49638972060916
34.255967775192744
34.0276541624097
33.79118138741114
33.53858389223291
34.11100555905938
34.01228638720704
33.75029500021412
33.466280559000666
32.88498277513503
33.240718162113524
33.32522333319031
32.70250222459805
34.0817463869862
33.91113791897982
33.71266889195584
33.9274277753716
33.395040279285524
33.48766916220211
33.44681916157509
33.00001897279742
33.15616722543717
32.95048499978299
32.98310428543448
32.54795894614847
32.59071682881864
34.0838438020499
33.6986491978023
31.967113945752033
32.753436945658564
32.33859972090045
32.094920558736874
32.11290472077627
33.30938582859318
32.95075194644522
32.714444946177366
32.82797305361356
32.017861107803924
32.12792889200483
31.356381666980383
31.619907774923945
30.82847741360183
30.990776108130945
28.79142555884249
31.619563053991783
30.343721667021384
30.2263413873452
27.99689972114527
27.018678332639013
26.415139161643026
26.074472586440777
26.268170828720827
24.46116774769348
24.63766374798365
24.28269263995344
24.436270116672574
24.045615829007374
43.701228251782425
43.65226861280627
44.42426566702699
31.44037999993708
31.306509108208843
26.431667639649902
43.91547189201424
34.573540279160625
32.88498277513503
33.34335722425652
34.566304279119265
29.793840532414663
33.69864919870162
35.744667072127754
35.99110064907575
27.018678333538332
34.29832805409649
26.074472585541457
38.93324971999863
24.045615829007374
31.356381666980383
37.89619743156629
32.14184055869487
34.027654161510384
34.04279963959175
33.286696666318164
37.80238150380342
33.723300730244546
38.551740586059225
33.71266889195584
33.91113791897982
30.82847741450115
30.99449610790913
30.2263413873452
39.11825817127766
20.422746413816014
36.97977427856017
40.4502939732883
40.42820383773699
34.57213582950499
36.29529934209103
36.78985933304182
34.89797427938953
34.89866325090833
35.128492440773584
34.311964225168936
24.46116774769348
33.240227467723514
32.714444946177366
34.15515533325208
31.967113945752033
35.45278591923483
34.67246222475194
35.25636785099556
33.53858389223291
36.75566661242425
35.47823566744216
33.61641161330539
33.47001446859292
36.859294972884754
34.3524512612168
35.61142110759806
41.396505838074006
41.91526499977999
41.351645558995415
43.143929972989895
40.82967953268434
33.43259863082221
41.55199255930921
35.31079800032751
33.26907358567746
30.990776108130945
42.842252505049146
35.4511549186646
32.70250222459805
32.16860993699902
