43.74085666730139
43.18951410828953
43.02489222479642
42.631965279274254
42.17673110805424
41.813694720734816
42.617911386601236
43.37698083839501
43.01515694583645
43.28215583802154
42.255258838024986
44.049497774702616
43.74641972059368
43.45964583828487
44.905375838124485
44.02940083807829
43.55107610837575
44.993284170628044
44.215251107852396
45.52647417134597
45.192362775221966
45.50561805403004
44.3469584411792
44.187042774704366
44.68720250499166
42.827413053669545
42.98713722480312
43.00980333295752
42.738654171153144
42.466970559343906
43.640574441357444
43.24951472132739
42.73259499965957
43.70494277468936
43.57739083801681
44.34182361266966
43.615080837710536
43.65232064038531
41.263018134879076
40.800467279141685
41.15783025196458
41.55616786515492
40.4502939732883
39.52935464080406
40.37745922526307
39.60408713461362
39.00276172127644
38.26752858627526
38.632495136341504
40.46885986539053
39.86502780229131
40.51111653160268
39.999805359929496
39.21550713594564
39.06149413464664
38.721717333388256
38.276085972789474
37.976644413708755
37.904329667180434
37.856065802195076
36.94529899994893
36.41492053175716
37.155062386819736
36.84284180230736
37.058626332839026
36.63351610828181
36.2834111697897
36.10913666672383
36.148390252008596
35.95873541290905
36.10409989129698
35.482552414162626
35.81770594557298
35.807306802367066
35.89842399956797
34.24589910765775
34.79925091939447
34.53503389200057
34.12556010791269
33.16037805360435
27.744899703158808
35.642666775951
35.672896532349114
37.306586278733846
37.73702266706249
38.55358319800621
38.34229561315209
36.982622945892274
36.96729680210581
37.857914694107876
36.79213941390287
36.29683927910952
35.76592535996747
35.97170841401214
35.85924777486497
37.030422359604245
36.5546701352186
36.08654638760578
36.46506463992125
35.80131289197641
36.06768241341268
35.1825642246593
35.445728332996225
35.64595650498876
35.30439508096828
35.235234891776884
35.42478825227607
35.257648467602735
34.9020244409752
34.566304279119265
35.70373730703113
35.28465638658304
35.779258251766976
35.377868585966496
35.051292774741796
34.60832861267539
35.67482294582237
35.30874610804648
35.3385213866527
34.609168333052196
34.78135582890843
34.3844824945715
34.06848582855821
35.614584730101285
35.52633944141212
35.5524599732492
35.60649750465615
35.27250861328196
37.24777217094896
35.35290027902471
34.96021305408925
35.10569110785838
34.86156889199083
34.62407333331771
34.25201936020534
33.98581600920153
34.56484880193074
34.42738746765758
34.30165449525879
34.0973836125637
33.73886361336514
33.72034749514086
33.88336277487224
33.481586108312285
34.7993977750873
34.37546805370778
34.46948972117377
34.50450749512487
34.249959440575765
34.02194833274939
33.821524161610796
33.51095416220488
33.61899305428608
33.48157305375349
33.620364161576845
33.09976694568803
32.88137102675154
34.72839463130725
33.87296305430158
33.30643582925018
33.195174441447364
33.171307775233686
32.49902249529197
32.62586730583155
33.7402841617847
33.55947916243343
33.12042027937247
33.45767722522379
32.838979721237195
32.837242495444855
32.13210055919353
32.174386946200684
32.310598891925395
31.80687889224714
30.05636549527145
31.883658612654926
30.8516900001934
30.490914162258832
28.758761945607375
27.9242174954411
27.101191467612182
26.450211108056237
27.885964441006195
25.961008613256922
25.047496287823492
25.929158613079608
24.47512127872409
24.477154162034992
43.89037169409846
44.51827419809581
45.55724341395245
31.44956777523271
31.309433000232843
26.43723916185786
45.523398999864014
34.67410510806434
33.48873797317896
34.30165449435947
35.09366189218264
34.79925091849515
34.72839463130725
36.86103583823342
37.24777217094896
30.05636549527145
34.743153559189466
27.885964441006195
40.4502939732883
25.929158613079608
32.74628249524102
38.97070805433327
32.55369027878339
34.48645147725392
34.56484880193074
33.61899305428608
38.34229561315209
34.566304279119265
39.21550713594564
34.21067258667057
34.7993977750873
32.310598891925395
31.47629446811527
30.85168999929408
40.42846605306596
27.744899703158808
38.55302217123625
41.546808721345485
41.546406986992906
35.144966748116985
36.78985933304182
37.857914694107876
35.7528814140461
35.312837485561545
35.31926958702189
34.69710082854044
25.961008613256922
33.74028416268402
33.26746425157398
34.39898833344489
33.620364162476164
35.614584730101285
35.60649750465615
35.690900586492944
34.25201936020534
36.982622945892274
36.29683927910952
33.96988441393461
34.249959441475085
37.89619743156629
34.80905755955877
35.67482294582237
42.65739633327422
42.842252505049146
43.37227722491406
45.52647417134597
41.27971191906988
34.3120118020031
41.55616786605424
35.31575146795592
33.290242441335636
30.993409162103205
45.55724341395245
35.779258252666295
33.549647306178315
33.20293825179891
